2615	894	13
-0.11651051044464111	2.605329751968384	-0.8231620788574219	0.7501635551452637	0.9908372759819031	1.0	8	0.0	0	0.0	0	-0.034214992076158524	-0.632563591003418	-0.7737523317337036	0.040254898369312286	-0.7744497060775757	0.6313536167144775	-0.9986034631729126	-0.00954556092619896	0.051961567252874374
0.03961639106273651	2.4537932872772217	-0.7061807513237	0.7658126950263977	0.9752603769302368	1.0	8	0.0	0	0.0	0	-0.034214992076158524	-0.632563591003418	-0.7737523317337036	0.040254902094602585	-0.7744497060775757	0.6313536167144775	-0.9986034631729126	-0.009545564651489258	0.05196157097816467
-0.09886534512042999	2.4537932872772217	-0.7000571489334106	0.7658126950263977	0.9898108839988708	1.0	8	0.0	0	0.0	0	-0.034214992076158524	-0.632563591003418	-0.7737523317337036	0.04025489464402199	-0.7744496464729309	0.6313536167144775	-0.9986034631729126	-0.00954555906355381	0.05196157097816467
-0.11651051044464111	3.71647047996521	-0.8231620788574219	0.9618442058563232	0.45493996143341064	1.0	8	0.0	0	0.0	0	-0.034213874489068985	0.6325629353523254	-0.7737529873847961	-0.018727054819464684	0.7736644744873047	0.6333187222480774	0.9992391467094421	0.036158401519060135	-0.014624018222093582
0.03961639106273651	3.868006944656372	-0.7061807513237	0.9781777858734131	0.4716833829879761	1.0	8	0.0	0	0.0	0	-0.034213874489068985	0.6325629353523254	-0.7737529873847961	-0.018727054819464684	0.7736644744873047	0.6333187222480774	0.9992391467094421	0.036158401519060135	-0.014624018222093582
0.04632693529129028	3.71647047996521	-0.8303624391555786	0.9618442058563232	0.47200217843055725	1.0	8	0.0	0	0.0	0	-0.034213874489068985	0.6325629353523254	-0.7737529873847961	-0.018727054819464684	0.7736644744873047	0.6333187222480774	0.9992391467094421	0.036158401519060135	-0.014624018222093582
-0.09886534512042999	2.4537932872772217	-0.7000571489334106	0.9787065386772156	0.2403685599565506	1.0	8	0.0	0	0.0	0	-0.028108786791563034	-0.7715072631835938	-0.6355992555618286	0.9990235567092896	-3.4531240089563653e-09	-0.04418088495731354	0.034085869789123535	-0.6362205147743225	0.7707539200782776
0.031439583748579025	2.32943058013916	-0.5548650026321411	0.9915168881416321	0.25828757882118225	1.0	8	0.0	0	0.0	0	-0.028108786791563034	-0.7715072631835938	-0.6355992555618286	0.9990234971046448	-4.890167826232528e-09	-0.04418088495731354	0.034085873514413834	-0.6362205147743225	0.7707539796829224
-0.07736459374427795	2.32943058013916	-0.5500532388687134	0.9800763726234436	0.25828757882118225	1.0	8	0.0	0	0.0	0	-0.028108786791563034	-0.7715072631835938	-0.6355992555618286	0.9990235567092896	-3.4531382198110805e-09	-0.04418088495731354	0.034085869789123535	-0.6362205147743225	0.7707539200782776
-0.11651051044464111	3.71647047996521	-0.8231620788574219	0.48487842082977295	0.26196572184562683	1.0	8	0.0	0	0.0	0	-0.022960761561989784	0.8543164730072021	-0.5192457437515259	-0.9706862568855286	-0.1433464139699936	-0.19292505085468292	-0.2392510324716568	0.49959492683410645	0.8325645327568054
0.02391006052494049	3.543583631515503	-1.11382257938385	0.4670592248439789	0.23478582501411438	1.0	8	0.0	0	0.0	0	-0.022960761561989784	0.8543164730072021	-0.5192457437515259	-0.9706861972808838	-0.1433463990688324	-0.19292500615119934	-0.2392510175704956	0.4995949864387512	0.8325645923614502
-0.1570250540971756	3.543583631515503	-1.1058217287063599	0.48487842082977295	0.23853659629821777	1.0	8	0.0	0	0.0	0	-0.022960761561989784	0.8543164730072021	-0.5192457437515259	-0.9706862568855286	-0.1433464139699936	-0.19292502105236053	-0.2392510324716568	0.4995949864387512	0.832564651966095
-0.15915188193321228	3.355990409851074	-1.1206594705581665	0.9148721694946289	0.1578618586063385	1.0	8	0.0	0	0.0	0	-0.0440354086458683	0.07926689833402634	-0.9958803653717041	-0.00010837792069651186	0.9968469142913818	0.079348623752594	0.9990299940109253	0.003602080512791872	-0.043887969106435776
0.02391006052494049	3.543583631515503	-1.11382257938385	0.9346218109130859	0.17704537510871887	1.0	8	0.0	0	0.0	0	-0.0440354086458683	0.07926689833402634	-0.9958803653717041	-0.00010837792797246948	0.9968469142913818	0.079348623752594	0.9990299940109253	0.003602080512791872	-0.043887969106435776
0.032927971333265305	3.355990409851074	-1.129152774810791	0.9148721694946289	0.17798814177513123	1.0	8	0.0	0	0.0	0	-0.0440354086458683	0.07926689833402634	-0.9958803653717041	-0.00010837759327841923	0.9968469738960266	0.07934863120317459	0.9990299344062805	0.0036020800471305847	-0.043887969106435776
-0.16187813878059387	3.160900115966797	-1.1396797895431519	0.5596677660942078	0.25566574931144714	1.0	8	0.0	0	0.0	0	0.054275672882795334	-0.0003164436493534595	-0.9985259175300598	0.000687723804730922	-0.9999997019767761	0.00035429251147434115	-0.9985257387161255	-0.0007059395429678261	-0.05427544191479683
0.032927971333265305	3.355990409851074	-1.129152774810791	0.5391817092895508	0.23517391085624695	1.0	8	0.0	0	0.0	0	0.054275672882795334	-0.0003164436493534595	-0.9985259175300598	0.000687723804730922	-0.9999996423721313	0.0003542924823705107	-0.9985257983207703	-0.000705939601175487	-0.05427544564008713
0.036753587424755096	3.160900115966797	-1.1288830041885376	0.559667706489563	0.23478586971759796	1.0	8	0.0	0	0.0	0	0.054275672882795334	-0.0003164436493534595	-0.9985259175300598	0.0006877237465232611	-0.9999996423721313	0.0003542924823705107	-0.9985257983207703	-0.0007059395429678261	-0.05427544564008713
-0.16187813878059387	3.160900115966797	-1.1396797895431519	0.5596678256988525	0.25566574931144714	1.0	8	0.0	0	0.0	0	-0.0439637266099453	-0.09754963219165802	-0.994259238243103	-0.0025027485098689795	-0.9952076077461243	0.09775335341691971	-0.9990300536155701	0.006785981822758913	0.04350889101624489
0.032927971333265305	2.9658098220825195	-1.129152774810791	0.5801542401313782	0.23520252108573914	1.0	8	0.0	0	0.0	0	-0.0439637266099453	-0.09754963219165802	-0.994259238243103	-0.002502748742699623	-0.9952076077461243	0.09775335341691971	-0.9990300536155701	0.0067859822884202	0.04350889101624489
-0.15915188193321228	2.9658098220825195	-1.1206594705581665	0.5800900459289551	0.2553286850452423	1.0	8	0.0	0	0.0	0	-0.0439637266099453	-0.09754963219165802	-0.994259238243103	-0.0025027485098689795	-0.9952076077461243	0.09775335341691971	-0.9990300536155701	0.006785981822758913	0.04350889101624489
-0.05283500254154205	4.113243103027344	-0.3789159059524536	0.3190291225910187	0.531692624092102	1.0	8	0.0	0	0.0	0	-0.016720779240131378	0.9256082773208618	-0.3781134784221649	-0.993416965007782	-0.05824202671647072	-0.09864392131567001	-0.11332771182060242	0.37397491931915283	0.920488715171814
0.011988340876996517	4.189580917358398	-0.19491027295589447	0.3152152895927429	0.5475830435752869	1.0	8	0.0	0	0.0	0	-0.016720779240131378	0.9256082773208618	-0.3781134784221649	-0.993416965007782	-0.05824202671647072	-0.09864392131567001	-0.11332771182060242	0.37397491931915283	0.920488715171814
0.02211073786020279	4.113243103027344	-0.38223013281822205	0.3115479648113251	0.5307300686836243	1.0	8	0.0	0	0.0	0	-0.016720779240131378	0.9256082773208618	-0.3781134784221649	-0.993416965007782	-0.05824202299118042	-0.09864391386508942	-0.11332769691944122	0.37397491931915283	0.920488715171814
-0.15915188193321228	2.9658098220825195	-1.1206594705581665	0.9451276063919067	0.2623312473297119	1.0	8	0.0	0	0.0	0	-0.04403727129101753	-0.07926870882511139	-0.9958801865577698	0.005072681698948145	0.9968166351318359	-0.0795675590634346	0.999017059803009	-0.008555720560252666	-0.04349497705698013
0.02391006052494049	2.778216600418091	-1.11382257938385	0.9254794120788574	0.2816126346588135	1.0	8	0.0	0	0.0	0	-0.04403727129101753	-0.07926870882511139	-0.9958801865577698	0.0050726826302707195	0.9968166351318359	-0.0795675590634346	0.999017059803009	-0.008555721491575241	-0.04349497705698013
-0.1570250540971756	2.778216600418091	-1.1058217287063599	0.9254794120788574	0.2626541256904602	1.0	8	0.0	0	0.0	0	-0.04403727129101753	-0.07926870882511139	-0.9958801865577698	0.0050726826302707195	0.9968165755271912	-0.079567551612854	0.9990170001983643	-0.008555721491575241	-0.043494973331689835
-0.05283500254154205	4.113243103027344	-0.3789159059524536	0.42664167284965515	0.8412126302719116	1.0	8	0.0	0	0.0	0	-0.025393543764948845	0.8182588219642639	-0.5742888450622559	0.9990238547325134	2.6787120077642612e-08	-0.04417417198419571	-0.0361458919942379	-0.5748500227928162	-0.8174600601196289
0.031439583748579025	3.9923698902130127	-0.5548650026321411	0.4349202513694763	0.8544811010360718	1.0	8	0.0	0	0.0	0	-0.025393543764948845	0.8182588219642639	-0.5742888450622559	0.9990239143371582	2.8311323063689997e-08	-0.04417417198419571	-0.0361458882689476	-0.5748499631881714	-0.8174600601196289
-0.07736490666866302	3.9923698902130127	-0.5500539541244507	0.42351141571998596	0.8544811010360718	1.0	8	0.0	0	0.0	0	-0.025393543764948845	0.8182588219642639	-0.5742888450622559	0.9990239143371582	2.5263037883860306e-08	-0.04417417198419571	-0.0361458882689476	-0.5748499631881714	-0.8174600601196289
-0.11651051044464111	2.605329751968384	-0.8231620788574219	0.11269673705101013	0.6831222772598267	1.0	8	0.0	0	0.0	0	-0.022960098460316658	-0.8543167114257812	-0.5192455649375916	0.9976903200149536	0.013631792739033699	-0.06654450297355652	0.06392832845449448	-0.5195741057395935	0.8520305156707764
0.02391006052494049	2.778216600418091	-1.11382257938385	0.1298135370016098	0.6509236097335815	1.0	8	0.0	0	0.0	0	-0.022960098460316658	-0.8543167114257812	-0.5192455649375916	0.9976903796195984	0.013631794601678848	-0.06654451042413712	0.06392832845449448	-0.5195741057395935	0.8520304560661316
0.04632693529129028	2.605329751968384	-0.8303624391555786	0.1298135370016098	0.6835412979125977	1.0	8	0.0	0	0.0	0	-0.022960098460316658	-0.8543167114257812	-0.5192455649375916	0.9976903796195984	0.013631794601678848	-0.06654451042413712	0.06392832845449448	-0.5195741057395935	0.8520304560661316
-0.07736490666866302	3.9923698902130127	-0.5500539541244507	0.28425419330596924	0.6926107406616211	1.0	8	0.0	0	0.0	0	-0.028106050565838814	0.7715049982070923	-0.6356021165847778	-0.023593414574861526	0.635164201259613	0.7720168232917786	0.9993265271186829	0.03669436648488045	0.0003504790656734258
0.03961639106273651	3.868006944656372	-0.7061807513237	0.27068203687667847	0.7043840885162354	1.0	8	0.0	0	0.0	0	-0.028106050565838814	0.7715049982070923	-0.6356021165847778	-0.023593414574861526	0.635164201259613	0.7720168232917786	0.9993265271186829	0.03669436648488045	0.0003504790656734258
-0.09886534512042999	3.868006944656372	-0.7000571489334106	0.27068203687667847	0.6898738741874695	1.0	8	0.0	0	0.0	0	-0.028106050565838814	0.7715049982070923	-0.6356021165847778	-0.023593412712216377	0.635164201259613	0.772016704082489	0.9993264675140381	0.03669436275959015	0.0003504771739244461
0.04632693529129028	2.605329751968384	-0.8303624391555786	0.29296550154685974	0.47256040573120117	1.0	8	0.0	0	0.0	0	0.08029919862747192	-0.8481432199478149	-0.5236459374427795	0.9958741068840027	0.09054294973611832	0.006062306929379702	0.04227074235677719	-0.5219722390174866	0.8519144058227539
0.2029295265674591	2.778216600418091	-1.086370825767517	0.3098694086074829	0.44302675127983093	1.0	8	0.0	0	0.0	0	0.08029919862747192	-0.8481432199478149	-0.5236459374427795	0.9958740472793579	0.09054294973611832	0.006062306463718414	0.04227074608206749	-0.5219722390174866	0.8519144654273987
0.20744021236896515	2.605329751968384	-0.8056563138961792	0.3098694086074829	0.4752872586250305	1.0	8	0.0	0	0.0	0	0.08029919862747192	-0.8481432199478149	-0.5236459374427795	0.9958740472793579	0.09054294973611832	0.006062302738428116	0.04227074980735779	-0.5219722390174866	0.8519144654273987
0.031439583748579025	3.9923698902130127	-0.5548650026321411	0.7025108337402344	0.26218512654304504	1.0	8	0.0	0	0.0	0	0.09643478691577911	0.77150559425354	-0.6288715600967407	0.0278239194303751	-0.6336588859558105	-0.7731120586395264	-0.9949504137039185	0.05705723166465759	-0.08257307857275009
0.17663197219371796	3.868006944656372	-0.6851699948310852	0.7160851359367371	0.24744920432567596	1.0	8	0.0	0	0.0	0	0.09643478691577911	0.77150559425354	-0.6288715600967407	0.0278239194303751	-0.6336588859558105	-0.7731120586395264	-0.9949504137039185	0.05705723166465759	-0.08257307857275009
0.03961639106273651	3.868006944656372	-0.7061807513237	0.7160850763320923	0.2618986964225769	1.0	8	0.0	0	0.0	0	0.09643478691577911	0.77150559425354	-0.6288715600967407	0.0278239194303751	-0.6336588859558105	-0.7731119990348816	-0.9949502944946289	0.057057224214076996	-0.0825730711221695
0.04632693529129028	2.605329751968384	-0.8303624391555786	0.42822006344795227	0.9736615419387817	1.0	8	0.0	0	0.0	0	0.11739540100097656	-0.6325629353523254	-0.7655602097511292	0.10635804384946823	0.7744654417037964	-0.6236115097999573	0.9873734712600708	-0.00821436196565628	0.1581968367099762
0.17663197219371796	2.4537932872772217	-0.6851699948310852	0.4125675559043884	0.9897102117538452	1.0	8	0.0	0	0.0	0	0.11739540100097656	-0.6325629353523254	-0.7655602097511292	0.10635805875062943	0.7744654417037964	-0.623611569404602	0.9873734712600708	-0.008214362896978855	0.1581968367099762
0.03961639106273651	2.4537932872772217	-0.7061807513237	0.41256752610206604	0.9751589894294739	1.0	8	0.0	0	0.0	0	0.11739540100097656	-0.6325629353523254	-0.7655602097511292	0.10635802894830704	0.7744653224945068	-0.6236115097999573	0.9873734712600708	-0.008214354515075684	0.1581968367099762
0.03961639106273651	3.868006944656372	-0.7061807513237	0.9616695046424866	0.34271755814552307	1.0	8	0.0	0	0.0	0	0.11739583313465118	0.6325629353523254	-0.7655602693557739	0.023818019777536392	-0.7724624276161194	-0.6346136331558228	-0.9927995204925537	0.05626685917377472	-0.10575024783611298
0.20744021236896515	3.71647047996521	-0.8056563138961792	0.9780048727989197	0.32551178336143494	1.0	8	0.0	0	0.0	0	0.11739583313465118	0.6325629353523254	-0.7655602693557739	0.02381802722811699	-0.7724624872207642	-0.6346136331558228	-0.9927995204925537	0.05626685544848442	-0.10575027018785477
0.04632693529129028	3.71647047996521	-0.8303624391555786	0.9780048727989197	0.342502623796463	1.0	8	0.0	0	0.0	0	0.11739583313465118	0.6325629353523254	-0.7655602693557739	0.023818019777536392	-0.7724624276161194	-0.6346136331558228	-0.9927995204925537	0.05626685917377472	-0.10575024783611298
0.031439583748579025	2.32943058013916	-0.5548650026321411	0.6829121112823486	0.9041789174079895	1.0	8	0.0	0	0.0	0	0.09643467515707016	-0.7715063095092773	-0.6288708448410034	0.9884459376335144	2.2604353944188915e-08	0.15157395601272583	-0.11694024503231049	-0.6362218260765076	0.7625922560691833
0.17663197219371796	2.4537932872772217	-0.6851699948310852	0.6957497596740723	0.8862573504447937	1.0	8	0.0	0	0.0	0	0.09643467515707016	-0.7715063095092773	-0.6288708448410034	0.9884459376335144	1.6856233742146287e-08	0.15157395601272583	-0.11694025248289108	-0.6362218260765076	0.7625922560691833
0.13909204304218292	2.32943058013916	-0.5383569598197937	0.6943531632423401	0.9041789174079895	1.0	8	0.0	0	0.0	0	0.09643467515707016	-0.7715063095092773	-0.6288708448410034	0.9884458780288696	1.685634565262717e-08	0.15157394111156464	-0.11694023758172989	-0.6362217664718628	0.7625921964645386
0.04632693529129028	3.71647047996521	-0.8303624391555786	0.5204740762710571	0.2601422667503357	1.0	8	0.0	0	0.0	0	0.08029857277870178	0.8481431007385254	-0.5236462354660034	-0.9685373902320862	-0.05775952711701393	-0.24207280576229095	-0.2355579435825348	0.5266090631484985	0.8168202638626099
0.2029295265674591	3.543583631515503	-1.086370825767517	0.5026489496231079	0.23478585481643677	1.0	8	0.0	0	0.0	0	0.08029857277870178	0.8481431007385254	-0.5236462354660034	-0.9685373902320862	-0.05775951221585274	-0.24207277595996857	-0.2355579137802124	0.5266090631484985	0.8168202638626099
0.02391006052494049	3.543583631515503	-1.11382257938385	0.5204740762710571	0.23627139627933502	1.0	8	0.0	0	0.0	0	0.08029857277870178	0.8481431007385254	-0.5236462354660034	-0.9685373902320862	-0.05775951221585274	-0.24207279086112976	-0.2355579286813736	0.5266090631484985	0.8168202638626099
0.032927971333265305	3.355990409851074	-1.129152774810791	0.14956878125667572	0.7629539370536804	1.0	8	0.0	0	0.0	0	0.1509895622730255	0.08772259950637817	-0.9846354126930237	0.006737740710377693	-0.9961230158805847	-0.0877128392457962	-0.988512396812439	0.006609505508095026	-0.15099523961544037
0.2029295265674591	3.543583631515503	-1.086370825767517	0.129813551902771	0.744891881942749	1.0	8	0.0	0	0.0	0	0.1509895622730255	0.08772259950637817	-0.9846354126930237	0.006737741641700268	-0.9961229562759399	-0.0877128392457962	-0.9885123372077942	0.006609503645449877	-0.15099522471427917
0.2229740470647812	3.355990409851074	-1.1000100374221802	0.14956878125667572	0.7429118156433105	1.0	8	0.0	0	0.0	0	0.1509895622730255	0.08772259950637817	-0.9846354126930237	0.0067377411760389805	-0.9961229562759399	-0.0877128392457962	-0.9885123372077942	0.006609504111111164	-0.15099522471427917
0.036753587424755096	3.160900115966797	-1.1288830041885376	0.5615251660346985	0.7237067818641663	1.0	8	0.0	0	0.0	0	0.05338320508599281	0.09614422917366028	-0.9939349293708801	0.9982823729515076	0.01891854591667652	0.05544671043753624	0.02413468435406685	-0.9951876401901245	-0.09496915340423584
0.2229740470647812	3.355990409851074	-1.1000100374221802	0.5815791487693787	0.7035479545593262	1.0	8	0.0	0	0.0	0	0.05338320508599281	0.09614422917366028	-0.9939349293708801	0.9982823729515076	0.018918544054031372	0.05544671043753624	0.02413468435406685	-0.9951876401901245	-0.09496915340423584
0.22773408889770508	3.160900115966797	-1.1186256408691406	0.581611156463623	0.724087655544281	1.0	8	0.0	0	0.0	0	0.05338320508599281	0.09614422917366028	-0.9939349293708801	0.9982824325561523	0.01891854777932167	0.05544671416282654	0.02413468435406685	-0.9951875805854797	-0.09496914595365524
0.036753587424755096	3.160900115966797	-1.1288830041885376	0.2912108898162842	0.6839835047721863	1.0	8	0.0	0	0.0	0	0.15157368779182434	-0.0016054508741945028	-0.9884447455406189	0.9881703853607178	-0.023368075489997864	0.15156957507133484	-0.023341385647654533	-0.9997256398200989	-0.001955526415258646
0.2229740470647812	2.9658098220825195	-1.1000100374221802	0.31126177310943604	0.7039879560470581	1.0	8	0.0	0	0.0	0	0.15157368779182434	-0.0016054508741945028	-0.9884447455406189	0.988170325756073	-0.023368073627352715	0.15156956017017365	-0.023341385647654533	-0.9997256994247437	-0.001955526415258646
0.032927971333265305	2.9658098220825195	-1.129152774810791	0.2912108898162842	0.7044594287872314	1.0	8	0.0	0	0.0	0	0.15157368779182434	-0.0016054508741945028	-0.9884447455406189	0.9881703853607178	-0.023368075489997864	0.15156957507133484	-0.023341385647654533	-0.9997256398200989	-0.001955526415258646
0.02211073786020279	4.113243103027344	-0.38223013281822205	0.4504871666431427	0.8177429437637329	1.0	8	0.0	0	0.0	0	0.05736810341477394	0.9256082773208618	-0.3741098642349243	-0.9532487988471985	-0.06057654693722725	-0.2960526645183563	-0.29669108986854553	0.3736037611961365	0.87885981798172
0.04979084059596062	4.189580917358398	-0.18911342322826385	0.44674864411354065	0.8344515562057495	1.0	8	0.0	0	0.0	0	0.05736810341477394	0.9256082773208618	-0.3741098642349243	-0.9532487988471985	-0.06057655066251755	-0.2960526645183563	-0.29669108986854553	0.3736037611961365	0.87885981798172
0.09626302868127823	4.113243103027344	-0.37085920572280884	0.4431537985801697	0.8166872262954712	1.0	8	0.0	0	0.0	0	0.05736810341477394	0.9256082773208618	-0.3741098642349243	-0.9532488584518433	-0.06057654693722725	-0.2960526645183563	-0.29669108986854553	0.37360379099845886	0.87885981798172
0.032927971333265305	2.9658098220825195	-1.129152774810791	0.42351147532463074	0.7569319605827332	1.0	8	0.0	0	0.0	0	0.15098899602890015	-0.08772309124469757	-0.9846354722976685	0.0009438479319214821	-0.9960415363311768	0.08888401091098785	-0.9885349869728088	-0.014349854551255703	-0.1503085196018219
0.2029295265674591	2.778216600418091	-1.086370825767517	0.44315385818481445	0.7390224933624268	1.0	8	0.0	0	0.0	0	0.15098899602890015	-0.08772309124469757	-0.9846354722976685	0.0009438478737138212	-0.9960415363311768	0.08888401091098785	-0.9885349869728088	-0.014349854551255703	-0.1503085196018219
0.02391006052494049	2.778216600418091	-1.11382257938385	0.44315385818481445	0.7579017281532288	1.0	8	0.0	0	0.0	0	0.15098899602890015	-0.08772309124469757	-0.9846354722976685	0.0009438478737138212	-0.9960415363311768	0.08888401091098785	-0.9885349869728088	-0.014349854551255703	-0.1503085196018219
0.031439583748579025	3.9923698902130127	-0.5548650026321411	0.9942434430122375	0.8924682140350342	1.0	8	0.0	0	0.0	0	0.08713242411613464	0.8182583451271057	-0.5682089328765869	-0.8878521919250488	-0.1948973685503006	-0.4168134033679962	-0.4518034756183624	0.5408034920692444	0.7095105648040771
0.09626302868127823	4.113243103027344	-0.37085920572280884	0.9871058464050293	0.9054775834083557	1.0	8	0.0	0	0.0	0	0.08713242411613464	0.8182583451271057	-0.5682089328765869	-0.8878522515296936	-0.19489739835262299	-0.4168134927749634	-0.4518034756183624	0.5408034920692444	0.7095105051994324
0.13909204304218292	3.9923698902130127	-0.5383569598197937	0.9838812351226807	0.8895854353904724	1.0	8	0.0	0	0.0	0	0.08713242411613464	0.8182583451271057	-0.5682089328765869	-0.8878522515296936	-0.19489739835262299	-0.416813462972641	-0.4518034756183624	0.5408034920692444	0.7095105051994324
0.22773408889770508	3.160900115966797	-1.1186256408691406	0.7742812037467957	0.9433615803718567	1.0	8	0.0	0	0.0	0	0.18648342788219452	0.09479668736457825	-0.9778739809989929	0.9818885326385498	0.015904625877738	0.18879082798957825	0.03344946354627609	-0.9953696131706238	-0.09011383354663849
0.39899560809135437	3.355990409851074	-1.067053198814392	0.7928756475448608	0.9231238961219788	1.0	8	0.0	0	0.0	0	0.18648342788219452	0.09479668736457825	-0.9778739809989929	0.9818885326385498	0.015904625877738	0.18879082798957825	0.03344946354627609	-0.9953696131706238	-0.09011383354663849
0.4072960317134857	3.160900115966797	-1.0843826532363892	0.7932518720626831	0.9436676502227783	1.0	8	0.0	0	0.0	0	0.18648342788219452	0.09479668736457825	-0.9778739809989929	0.9818885922431946	0.015904627740383148	0.18879084289073944	0.03344946727156639	-0.9953696727752686	-0.09011383354663849
0.22773408889770508	3.160900115966797	-1.1186256408691406	0.919793963432312	0.5255229473114014	1.0	8	0.0	0	0.0	0	0.1831514835357666	-0.09780970215797424	-0.9782069325447083	0.9821107387542725	-0.026076799258589745	0.1864897906780243	-0.043749019503593445	-0.9948634505271912	0.09128394722938538
0.39899560809135437	2.9658098220825195	-1.067053198814392	0.938384473323822	0.5454468131065369	1.0	8	0.0	0	0.0	0	0.1831514835357666	-0.09780970215797424	-0.9782069325447083	0.9821107983589172	-0.026076801121234894	0.1864897906780243	-0.043749015778303146	-0.9948635101318359	0.09128396213054657
0.2229740470647812	2.9658098220825195	-1.1000100374221802	0.919793963432312	0.5459355115890503	1.0	8	0.0	0	0.0	0	0.1831514835357666	-0.09780970215797424	-0.9782069325447083	0.9821107387542725	-0.026076795533299446	0.1864897906780243	-0.04374901205301285	-0.9948634505271912	0.09128395467996597
0.04979084059596062	4.189580917358398	-0.18911342322826385	0.31890013813972473	0.8229949474334717	1.0	8	0.0	0	0.0	0	0.12925107777118683	0.9256083369255066	-0.35572949051856995	-0.8846591711044312	-0.054426487535238266	-0.46305060386657715	-0.447964608669281	0.37454915046691895	0.811813235282898
0.16677215695381165	4.113243103027344	-0.34524035453796387	0.31167447566986084	0.8038782477378845	1.0	8	0.0	0	0.0	0	0.12925107777118683	0.9256083369255066	-0.35572949051856995	-0.8846592307090759	-0.054426465183496475	-0.46305057406425476	-0.44796451926231384	0.37454915046691895	0.8118131756782532
0.09626302868127823	4.113243103027344	-0.37085920572280884	0.31890013813972473	0.8048709630966187	1.0	8	0.0	0	0.0	0	0.12925107777118683	0.9256083369255066	-0.35572949051856995	-0.8846592903137207	-0.05442648008465767	-0.46305063366889954	-0.4479645788669586	0.37454915046691895	0.811813235282898
0.2229740470647812	2.9658098220825195	-1.1000100374221802	0.11079441756010056	0.7532329559326172	1.0	8	0.0	0	0.0	0	0.4370706379413605	-0.1115901842713356	-0.8924779295921326	0.8874332904815674	-0.10800331085920334	0.44810423254966736	-0.14639462530612946	-0.9878679513931274	0.051823779940605164
0.37647008895874023	2.778216600418091	-1.0013833045959473	0.12918049097061157	0.7707824110984802	1.0	8	0.0	0	0.0	0	0.4370706379413605	-0.1115901842713356	-0.8924779295921326	0.8874333500862122	-0.10800331830978394	0.44810426235198975	-0.14639461040496826	-0.9878678917884827	0.05182376876473427
0.2029295265674591	2.778216600418091	-1.086370825767517	0.11079441756010056	0.7729767560958862	1.0	8	0.0	0	0.0	0	0.4370706379413605	-0.1115901842713356	-0.8924779295921326	0.8874332904815674	-0.10800331085920334	0.44810423254966736	-0.14639461040496826	-0.9878678321838379	0.05182376503944397
0.09626302868127823	4.113243103027344	-0.37085920572280884	0.31907975673675537	0.9780416488647461	1.0	8	0.0	0	0.0	0	0.19631068408489227	0.8182583451271057	-0.5402921438217163	-0.8089532256126404	-0.17623794078826904	-0.5608341693878174	-0.5541271567344666	0.5471687316894531	0.627335250377655
0.24145540595054626	3.9923698902130127	-0.5011640787124634	0.30886226892471313	0.9590487480163574	1.0	8	0.0	0	0.0	0	0.19631068408489227	0.8182583451271057	-0.5402921438217163	-0.8089531660079956	-0.17623797059059143	-0.5608342289924622	-0.5541272163391113	0.5471687316894531	0.6273351907730103
0.13909204304218292	3.9923698902130127	-0.5383569598197937	0.31907975673675537	0.9618260860443115	1.0	8	0.0	0	0.0	0	0.19631068408489227	0.8182583451271057	-0.5402921438217163	-0.8089531660079956	-0.17623794078826904	-0.5608341693878174	-0.5541271567344666	0.5471687316894531	0.6273351907730103
0.20744021236896515	2.605329751968384	-0.8056563138961792	0.2934130132198334	0.3664402365684509	1.0	8	0.0	0	0.0	0	0.19868600368499756	-0.8133264183998108	-0.5468308925628662	0.979860782623291	0.17618954181671143	0.09396875649690628	0.019918622449040413	-0.5544884204864502	0.8319531083106995
0.37647008895874023	2.778216600418091	-1.0013833045959473	0.30984342098236084	0.3418984115123749	1.0	8	0.0	0	0.0	0	0.19868600368499756	-0.8133264183998108	-0.5468308925628662	0.979860782623291	0.17618954181671143	0.09396876394748688	0.019918614998459816	-0.5544884204864502	0.8319531083106995
0.3606377840042114	2.605329751968384	-0.7499933838844299	0.30984342098236084	0.3711846172809601	1.0	8	0.0	0	0.0	0	0.19868600368499756	-0.8133264183998108	-0.5468308925628662	0.979860782623291	0.17618954181671143	0.09396876394748688	0.019918614998459816	-0.5544884204864502	0.8319531083106995
0.17663197219371796	3.868006944656372	-0.6851699948310852	0.8398655652999878	0.9920715689659119	1.0	8	0.0	0	0.0	0	0.21726807951927185	0.7715058922767639	-0.5979743003845215	0.8145619630813599	0.19425085186958313	0.5465853214263916	0.5378507971763611	-0.605842649936676	-0.5862348675727844
0.24145540595054626	3.9923698902130127	-0.5011640787124634	0.850436806678772	0.9806513786315918	1.0	8	0.0	0	0.0	0	0.21726807951927185	0.7715058922767639	-0.5979743003845215	0.8145620226860046	0.19425086677074432	0.5465853214263916	0.5378507971763611	-0.605842649936676	-0.5862348675727844
0.306915819644928	3.868006944656372	-0.6378326416015625	0.8533201813697815	0.9953296184539795	1.0	8	0.0	0	0.0	0	0.21726807951927185	0.7715058922767639	-0.5979743003845215	0.8145619034767151	0.19425085186958313	0.5465853214263916	0.5378507971763611	-0.6058425903320312	-0.5862348079681396
0.20744021236896515	2.605329751968384	-0.8056563138961792	0.44677799940109253	0.9745221138000488	1.0	8	0.0	0	0.0	0	0.2644926905632019	-0.6325626969337463	-0.7279478311538696	0.24729301035404205	0.7740768790245056	-0.5827958583831787	0.9321426153182983	-0.025871172547340393	0.3611660599708557
0.306915819644928	2.4537932872772217	-0.6378326416015625	0.43121299147605896	0.9910200238227844	1.0	8	0.0	0	0.0	0	0.2644926905632019	-0.6325626969337463	-0.7279478311538696	0.24729301035404205	0.7740768790245056	-0.5827958583831787	0.9321426153182983	-0.025871172547340393	0.3611660599708557
0.17663197219371796	2.4537932872772217	-0.6851699948310852	0.43121299147605896	0.9764858484268188	1.0	8	0.0	0	0.0	0	0.2644926905632019	-0.6325626969337463	-0.7279478311538696	0.24729301035404205	0.7740768790245056	-0.5827958583831787	0.9321426153182983	-0.025871172547340393	0.3611660599708557
0.20744021236896515	3.71647047996521	-0.8056563138961792	0.7742812037467957	0.9826653599739075	1.0	8	0.0	0	0.0	0	0.2644931375980377	0.6325624585151672	-0.7279478907585144	0.8843733668327332	0.14194507896900177	0.44467443227767944	0.3846129775047302	-0.7613910436630249	-0.5218779444694519
0.306915819644928	3.868006944656372	-0.6378326416015625	0.7879470586776733	0.9683229327201843	1.0	8	0.0	0	0.0	0	0.2644931375980377	0.6325624585151672	-0.7279478907585144	0.8843733668327332	0.14194507896900177	0.44467443227767944	0.3846129775047302	-0.7613910436630249	-0.5218779444694519
0.3606377840042114	3.71647047996521	-0.7499933838844299	0.7903505563735962	0.9852666854858398	1.0	8	0.0	0	0.0	0	0.2644931375980377	0.6325624585151672	-0.7279478907585144	0.8843733668327332	0.14194507896900177	0.44467443227767944	0.3846129775047302	-0.7613910436630249	-0.5218779444694519
0.13909204304218292	2.32943058013916	-0.5383569598197937	0.9821603894233704	0.8409616351127625	1.0	8	0.0	0	0.0	0	0.2172686606645584	-0.7715064883232117	-0.5979732871055603	0.9398823380470276	2.6021325538749807e-08	0.341498464345932	-0.26346826553344727	-0.6362214684486389	0.7251253128051758
0.306915819644928	2.4537932872772217	-0.6378326416015625	0.9946292042732239	0.8231059312820435	1.0	8	0.0	0	0.0	0	0.2172686606645584	-0.7715064883232117	-0.5979732871055603	0.9398822784423828	2.6021321986036128e-08	0.341498464345932	-0.2634682357311249	-0.6362214684486389	0.7251253128051758
0.24145540595054626	2.32943058013916	-0.5011640787124634	0.9935880303382874	0.8409616351127625	1.0	8	0.0	0	0.0	0	0.2172686606645584	-0.7715064883232117	-0.5979732871055603	0.9398823976516724	3.028617800993061e-09	0.3414984941482544	-0.26346832513809204	-0.6362214684486389	0.7251253128051758
0.20744021236896515	3.71647047996521	-0.8056563138961792	0.5362834334373474	0.2587042450904846	1.0	8	0.0	0	0.0	0	0.2500799298286438	0.8226147294044495	-0.5106515288352966	-0.9172601699829102	0.03242943063378334	-0.39696627855300903	-0.30999013781547546	0.5676735639572144	0.7626616954803467
0.37647008895874023	3.543583631515503	-1.0013833045959473	0.5204740762710571	0.23563392460346222	1.0	8	0.0	0	0.0	0	0.2500799298286438	0.8226147294044495	-0.5106515288352966	-0.9172601103782654	0.032429419457912445	-0.39696624875068665	-0.30999016761779785	0.5676736235618591	0.7626616954803467
0.2029295265674591	3.543583631515503	-1.086370825767517	0.5391175746917725	0.23478588461875916	1.0	8	0.0	0	0.0	0	0.2500799298286438	0.8226147294044495	-0.5106515288352966	-0.9172601103782654	0.032429441809654236	-0.39696621894836426	-0.30999013781547546	0.5676736235618591	0.7626616954803467
0.2229740470647812	3.355990409851074	-1.1000100374221802	0.8428943753242493	0.544264554977417	1.0	8	0.0	0	0.0	0	0.17281198501586914	0.3438553810119629	-0.9229840040206909	0.9713059663772583	0.09596730023622513	0.21761177480220795	0.16340327262878418	-0.9341058135032654	-0.31740447878837585
0.37647008895874023	3.543583631515503	-1.0013833045959473	0.8613373041152954	0.526075005531311	1.0	8	0.0	0	0.0	0	0.17281198501586914	0.3438553810119629	-0.9229840040206909	0.9713060855865479	0.09596733003854752	0.21761180460453033	0.16340328752994537	-0.9341059327125549	-0.31740450859069824
0.39899560809135437	3.355990409851074	-1.067053198814392	0.8614004850387573	0.5460991859436035	1.0	8	0.0	0	0.0	0	0.17281198501586914	0.3438553810119629	-0.9229840040206909	0.9713060259819031	0.09596732258796692	0.21761178970336914	0.16340328752994537	-0.9341058731079102	-0.31740450859069824
0.306915819644928	3.868006944656372	-0.6378326416015625	0.9832344055175781	0.9437198042869568	1.0	8	0.0	0	0.0	0	0.32975292205810547	0.7715057134628296	-0.544097363948822	0.6794165372848511	0.20622201263904572	0.7041773200035095	0.6554816961288452	-0.6018732786178589	-0.456171452999115
0.3345959484577179	3.9923698902130127	-0.44471585750579834	0.9932725429534912	0.9314458966255188	1.0	8	0.0	0	0.0	0	0.32975292205810547	0.7715057134628296	-0.544097363948822	0.6794165372848511	0.20622196793556213	0.7041773200035095	0.6554816961288452	-0.6018732786178589	-0.456171452999115
0.4254612624645233	3.868006944656372	-0.5659875869750977	0.9960105419158936	0.9475283026695251	1.0	8	0.0	0	0.0	0	0.32975292205810547	0.7715057134628296	-0.544097363948822	0.6794165372848511	0.20622193813323975	0.7041773200035095	0.6554816365242004	-0.6018732786178589	-0.456171452999115
0.306915819644928	2.4537932872772217	-0.6378326416015625	0.6804014444351196	0.9302983283996582	1.0	8	0.0	0	0.0	0	0.401426762342453	-0.6325625777244568	-0.6623602509498596	0.37500932812690735	0.7733055353164673	-0.5112404227256775	0.835598349571228	-0.0431656688451767	0.5476423501968384
0.5000324249267578	2.605329751968384	-0.6655126214027405	0.6957886219024658	0.9449329376220703	1.0	8	0.0	0	0.0	0	0.401426762342453	-0.6325625777244568	-0.6623602509498596	0.37500932812690735	0.7733055353164673	-0.5112404227256775	0.835598349571228	-0.0431656688451767	0.5476423501968384
0.4254612624645233	2.4537932872772217	-0.5659875869750977	0.6804014444351196	0.9448002576828003	1.0	8	0.0	0	0.0	0	0.401426762342453	-0.6325625777244568	-0.6623602509498596	0.37500929832458496	0.7733055353164673	-0.5112404227256775	0.835598349571228	-0.0431656539440155	0.5476422905921936
0.306915819644928	3.868006944656372	-0.6378326416015625	0.1452348381280899	0.9580475091934204	1.0	8	0.0	0	0.0	0	0.40142664313316345	0.6325624585151672	-0.6623604893684387	0.7262335419654846	0.2208154797554016	0.6510186791419983	0.5580694079399109	-0.7423646450042725	-0.3707468509674072
0.5000324249267578	3.71647047996521	-0.6655126214027405	0.15952496230602264	0.9794812798500061	1.0	8	0.0	0	0.0	0	0.40142664313316345	0.6325624585151672	-0.6623604893684387	0.7262335419654846	0.220815509557724	0.6510187387466431	0.5580694675445557	-0.7423646450042725	-0.3707468509674072
0.3606377840042114	3.71647047996521	-0.7499933838844299	0.1452348381280899	0.9751605987548828	1.0	8	0.0	0	0.0	0	0.40142664313316345	0.6325624585151672	-0.6623604893684387	0.7262335419654846	0.22081546485424042	0.6510187387466431	0.5580694675445557	-0.7423646450042725	-0.3707468509674072
0.24145540595054626	2.32943058013916	-0.5011640787124634	0.09767178446054459	0.9945904016494751	1.0	8	0.0	0	0.0	0	0.32975226640701294	-0.7715063691139221	-0.5440970063209534	0.8552002906799316	5.493063781614183e-10	0.5182977318763733	-0.3998699486255646	-0.636221706867218	0.6597923636436462
0.4254612624645233	2.4537932872772217	-0.5659875869750977	0.10976029187440872	0.9768691658973694	1.0	8	0.0	0	0.0	0	0.32975226640701294	-0.7715063691139221	-0.5440970063209534	0.8552003502845764	2.3541989691011622e-08	0.5182977318763733	-0.3998699486255646	-0.636221706867218	0.6597923636436462
0.3345959484577179	2.32943058013916	-0.44471585750579834	0.10907401889562607	0.9945904016494751	1.0	8	0.0	0	0.0	0	0.32975226640701294	-0.7715063691139221	-0.5440970063209534	0.8552002310752869	2.3541982585584265e-08	0.5182976722717285	-0.3998699486255646	-0.636221706867218	0.659792423248291
0.3606377840042114	3.71647047996521	-0.7499933838844299	0.1478559523820877	0.6630240678787231	1.0	8	0.0	0	0.0	0	0.6149290204048157	0.6673067808151245	-0.42019516229629517	-0.3699544668197632	0.7146924734115601	0.5935894250869751	0.6964165568351746	-0.209562286734581	0.6863582730293274
0.5554438829421997	3.543583631515503	-0.7394664883613586	0.1298135221004486	0.6809896230697632	1.0	8	0.0	0	0.0	0	0.6149290204048157	0.6673067808151245	-0.42019516229629517	-0.3699544370174408	0.7146924734115601	0.5935894250869751	0.6964165568351746	-0.209562286734581	0.6863582730293274
0.37647008895874023	3.543583631515503	-1.0013833045959473	0.1298135221004486	0.650458037853241	1.0	8	0.0	0	0.0	0	0.6149290204048157	0.6673067808151245	-0.42019516229629517	-0.3699544668197632	0.7146924734115601	0.5935894250869751	0.6964165568351746	-0.209562286734581	0.6863582730293274
0.37647008895874023	3.543583631515503	-1.0013833045959473	0.3109012544155121	0.41248148679733276	1.0	8	0.0	0	0.0	0	0.7946276664733887	0.2833685278892517	-0.536906898021698	-0.329741895198822	0.9440159201622009	0.010211016051471233	0.5097421407699585	0.16892674565315247	0.8435796499252319
0.5895660519599915	3.355990409851074	-0.7850069999694824	0.2910902500152588	0.43542569875717163	1.0	8	0.0	0	0.0	0	0.7946276664733887	0.2833685278892517	-0.536906898021698	-0.329741895198822	0.9440159201622009	0.010211016051471233	0.5097421407699585	0.16892674565315247	0.8435796499252319
0.39899560809135437	3.355990409851074	-1.067053198814392	0.2910867929458618	0.4057958126068115	1.0	8	0.0	0	0.0	0	0.7946276664733887	0.2833685278892517	-0.536906898021698	-0.329741895198822	0.9440159201622009	0.010211016982793808	0.5097421407699585	0.16892673075199127	0.8435796499252319
0.39899560809135437	3.355990409851074	-1.067053198814392	0.29120782017707825	0.631108820438385	1.0	8	0.0	0	0.0	0	0.8230330348014832	0.08490405231714249	-0.5616120100021362	-0.0955173596739769	0.9953724145889282	0.01050051860511303	0.5599046349525452	0.045001424849033356	0.8273341655731201
0.6010878086090088	3.160900115966797	-0.8003840446472168	0.27068203687667847	0.6593396663665771	1.0	8	0.0	0	0.0	0	0.8230330348014832	0.08490405231714249	-0.5616120100021362	-0.0955173596739769	0.9953724145889282	0.010500511154532433	0.5599045753479004	0.045001428574323654	0.8273341655731201
0.4072960317134857	3.160900115966797	-1.0843826532363892	0.27068203687667847	0.6295045018196106	1.0	8	0.0	0	0.0	0	0.8230330348014832	0.08490405231714249	-0.5616120100021362	-0.0955173596739769	0.9953724145889282	0.01050051860511303	0.5599046349525452	0.045001424849033356	0.8273341655731201
0.39899560809135437	2.9658098220825195	-1.067053198814392	0.29108676314353943	0.5115853548049927	1.0	8	0.0	0	0.0	0	0.8250258564949036	-0.09266283363103867	-0.5574460029602051	0.11838330328464508	0.9929159879684448	0.010158606804907322	0.5525557398796082	-0.07437341660261154	0.8301511406898499
0.6010878086090088	3.160900115966797	-0.8003840446472168	0.31154486536979675	0.5393901467323303	1.0	8	0.0	0	0.0	0	0.8250258564949036	-0.09266283363103867	-0.5574460029602051	0.11838331073522568	0.9929159879684448	0.010158605873584747	0.5525557398796082	-0.07437341660261154	0.8301510810852051
0.5895660519599915	2.9658098220825195	-0.7850069999694824	0.29108676314353943	0.5412152409553528	1.0	8	0.0	0	0.0	0	0.8250258564949036	-0.09266283363103867	-0.5574460029602051	0.11838331818580627	0.9929160475730896	0.010158606804907322	0.5525556802749634	-0.07437341660261154	0.8301510810852051
0.08573608100414276	4.189580917358398	-0.17605306208133698	0.693020761013031	0.7853061556816101	1.0	8	0.0	0	0.0	0	0.1961669772863388	0.9256082773208618	-0.3236786127090454	-0.7952597737312317	-0.04293376952409744	-0.6047466993331909	-0.5736553072929382	0.37603992223739624	0.7276768088340759
0.23092849552631378	4.113243103027344	-0.30635809898376465	0.6858512163162231	0.7655490636825562	1.0	8	0.0	0	0.0	0	0.1961669772863388	0.9256082773208618	-0.3236786127090454	-0.7952597737312317	-0.042933784425258636	-0.6047466993331909	-0.5736553072929382	0.37603992223739624	0.7276768088340759
0.16677215695381165	4.113243103027344	-0.34524035453796387	0.693020761013031	0.7663620114326477	1.0	8	0.0	0	0.0	0	0.1961669772863388	0.9256082773208618	-0.3236786127090454	-0.7952597737312317	-0.042933784425258636	-0.6047466993331909	-0.5736553072929382	0.37603992223739624	0.7276768088340759
0.37647008895874023	2.778216600418091	-1.0013833045959473	0.2910899817943573	0.37828031182289124	1.0	8	0.0	0	0.0	0	0.7935806512832642	-0.27599093317985535	-0.5422719120979309	0.3342035710811615	0.9424538016319275	0.00942110177129507	0.5084660649299622	-0.18870560824871063	0.8401502966880798
